0.000000000000000000e+00
0.000000000000000000e+00
0.000000000000000000e+00
0.000000000000000000e+00
0.000000000000000000e+00
7.200000000000000000e+01
2.160000000000000000e+02
3.139350681145113526e+02
7.624939427312775706e+02
1.481955714838704125e+03
3.854073466227985136e+03
7.710164402486760082e+03
2.350647945414736023e+04
4.558093327009377390e+04
1.371186903140316135e+05
2.911397523940303363e+05
8.422449245250823442e+05
1.829179320112740388e+06
5.312313412058358081e+06
1.122840516121217795e+07
3.368733143282679468e+07
6.717075279634173214e+07
2.037571627839789093e+08
3.896243710628415346e+08
1.137612770680396080e+09
2.175246703111886978e+09
6.046190945366044044e+09
1.180954600438210106e+10
3.106100166116918182e+10
6.252116255678841400e+10
1.593446968055377502e+11
3.223266444094905396e+11
7.771661306383770752e+11
1.656149005453353027e+12
3.822990711837947754e+12
8.056663115217991211e+12
1.791349647161965625e+13
3.887215284272176562e+13
8.653365494777504688e+13
1.815419227968476250e+14
3.905474706663192500e+14
8.253802378499252500e+14
1.729378919687092750e+15
3.532833303182197500e+15
7.324945041104120000e+15
1.497772132218029600e+16
2.948234228919264800e+16
5.691696190725107200e+16
1.162365506689536000e+17
2.217242475091012160e+17
4.189411451930571520e+17
8.192970465111386880e+17
1.559194979161153024e+18
2.832376433042213376e+18
5.266324149539478528e+18
9.167748758813349888e+18
1.709807406660702618e+19
2.898565908481506099e+19
5.548920305772092621e+19
8.765639004351479808e+19
1.520135811442748293e+20
2.597681095409868472e+20
4.339138900224635044e+20
6.449324725372667822e+20
1.100620638010837697e+21
1.619563073079124951e+21
2.738531807466267607e+21
3.806725192048545104e+21
5.766563401665624408e+21
8.495977323006456234e+21
1.174525256076081339e+22
1.709569800237713719e+22
2.378307774106796084e+22
3.505934683716533302e+22
4.311436253801184494e+22
5.868977543788179227e+22
7.500659862300248139e+22
9.249376160620225128e+22
1.211527541190666664e+23
1.273785414156373144e+23
1.657976054832947087e+23
1.790387239364405892e+23
2.142032453979823061e+23
2.124791526857900032e+23
2.715344421338017086e+23
2.257364961120733679e+23
2.533395700263939243e+23
2.276938820668915072e+23
1.975981361902563109e+23
1.997636293078519623e+23
1.195895635069069888e+23
1.261428582514420907e+23
1.391385924512245696e+23
8.554737944373985332e+22
1.017543797995434861e+23
9.201023981873948682e+22
1.725191996601365483e+22
